lastAccountName: Ash_goldenflame
timestamps:
  login: 1562552946667
  lastteleport: 1562570326030
  logout: 1562570338068
ipAddress: 27.252.191.180
lastlocation:
  world: world_nether
  x: -474.5366799833431
  y: 54.00133597911215
  z: 331.30000001192093
  yaw: -265.56226
  pitch: 20.869553
homes:
  home:
    world: world
    x: 351.60897371708165
    y: 75.0
    z: 673.3836122191756
    yaw: -53.88159
    pitch: 35.33771
logoutlocation:
  world: world_nether
  x: -489.22198019587984
  y: 65.0
  z: 351.3862802790613
  yaw: -72.555626
  pitch: 17.587059
