lastlocation:
  world: world
  x: -545.5
  y: 68.0
  z: 724.5
  yaw: 4.138621
  pitch: 0.0
lastAccountName: MrKovac
timestamps:
  login: 1562227502729
  logout: 1562227586217
ipAddress: 110.141.24.140
logoutlocation:
  world: world
  x: -503.30000001192093
  y: 60.0
  z: 785.5753529519769
  yaw: -27.44934
  pitch: -11.249879
