lastAccountName: templar_shadow
timestamps:
  login: 1562553129572
  logout: 1562570482970
  lastteleport: 1562570408701
ipAddress: 121.75.120.123
lastlocation:
  world: world_nether
  x: -504.1016453471407
  y: 72.0
  z: 333.8338997019997
  yaw: 88.849365
  pitch: -3.511473
logoutlocation:
  world: world
  x: 356.18528642416055
  y: 75.5
  z: 676.4598815264642
  yaw: 147.62677
  pitch: 21.004852
homes:
  home:
    world: world
    x: 356.32970116163096
    y: 75.0
    z: 676.1746536535976
    yaw: 128.91309
    pitch: 10.37022
