lastlocation:
  world: world
  x: -485.6027182760944
  y: 70.0
  z: 764.6241086674814
  yaw: 18.07542
  pitch: -0.08609373
lastAccountName: Spudman_98
timestamps:
  login: 1562486552875
  lastteleport: 1562486630919
  logout: 1562486816565
ipAddress: 110.140.54.248
logoutlocation:
  world: world
  x: -496.6994115726676
  y: 70.0
  z: 778.9290546924507
  yaw: 234.11035
  pitch: 13.547067
