lastAccountName: TzuyuLover
timestamps:
  login: 1562561618335
  lastteleport: 1562561654353
  logout: 1562561663031
ipAddress: 202.168.20.207
lastlocation:
  world: world
  x: -485.6763588114974
  y: 70.0
  z: 763.9944562063505
  yaw: 338.09668
  pitch: 1.49999
afk: false
logoutlocation:
  world: world
  x: -494.65904249874893
  y: 67.0
  z: 782.933603291171
  yaw: 353.06085
  pitch: 4.6500583
