lastAccountName: AXOVUR
timestamps:
  login: 1562497952932
  logout: 1562498128668
ipAddress: 58.84.104.149
lastlocation:
  world: world
  x: -543.5
  y: 67.0
  z: 720.5
  yaw: 4.2785363
  pitch: 0.0
logoutlocation:
  world: world
  x: -4385.300000011921
  y: 91.0
  z: 4496.300000011921
  yaw: -132.78653
  pitch: 39.619385
