lastlocation:
  world: world
  x: -541.5
  y: 74.0
  z: 720.5
  yaw: -89.66959
  pitch: 6.1138453
lastAccountName: DragnLord
timestamps:
  login: 1556280472352
  logout: 1556290265816
ipAddress: 49.199.116.205
logoutlocation:
  world: world
  x: -641.6928557847548
  y: 47.0
  z: 739.7119080137804
  yaw: 314.64502
  pitch: 25.790705
