lastAccountName: Vaseliiine
timestamps:
  login: 1562486578785
  lastteleport: 1562486711753
  logout: 1562486821236
ipAddress: 211.28.207.215
lastlocation:
  world: world
  x: -486.5289354444633
  y: 70.0
  z: 764.4031007429473
  yaw: -0.3800586
  pitch: 5.049498
logoutlocation:
  world: world
  x: -480.4812054405596
  y: 71.0
  z: 784.1350102428055
  yaw: 266.7207
  pitch: 13.419183
