lastAccountName: RobsAlt
timestamps:
  login: 1564807206171
  lastteleport: 1564807310491
  logout: 1564807327364
ipAddress: 60.240.79.216
lastlocation:
  world: world
  x: -482.0406973586308
  y: 70.0
  z: 772.6734320584677
  yaw: -257.28772
  pitch: 76.79995
afk: false
logoutlocation:
  world: world
  x: -538.9282162149702
  y: 73.5
  z: 720.0204644872492
  yaw: 232.80063
  pitch: 10.800093
