lastAccountName: cr00k3dman
timestamps:
  login: 1562486848505
  logout: 1562486899545
ipAddress: 172.199.76.54
lastlocation:
  world: world
  x: -546.5
  y: 68.0
  z: 719.5
  yaw: 5.3466907
  pitch: 0.0
logoutlocation:
  world: world
  x: -553.623210806329
  y: 65.0
  z: 867.3362629188923
  yaw: 88.11302
  pitch: 29.586794
