lastAccountName: MINIM0J0
timestamps:
  login: 1561945849268
  logout: 1561946061624
ipAddress: 101.165.23.94
lastlocation:
  world: world
  x: -544.5
  y: 69.0
  z: 714.5
  yaw: 1.4356847
  pitch: 0.0
logoutlocation:
  world: world
  x: -551.423041915251
  y: 67.0
  z: 656.9655344555006
  yaw: 4.950603
  pitch: 14.999092
