lastAccountName: BoshNog
timestamps:
  login: 1562214992825
  logout: 1562215090036
ipAddress: 117.20.68.226
lastlocation:
  world: world
  x: -549.5
  y: 69.0
  z: 730.5
  yaw: 2.9421685
  pitch: 0.0
logoutlocation:
  world: world
  x: -500.6285528829867
  y: 72.0
  z: 720.4873860134156
  yaw: 90.465935
  pitch: 8.099995
