lastAccountName: LordZygarde911
timestamps:
  login: 1562321095399
  lastteleport: 1562320899353
  logout: 1562321174213
ipAddress: 58.164.1.155
lastlocation:
  world: world
  x: -484.8068780792076
  y: 70.0
  z: 764.3983431307512
  yaw: -6.783878
  pitch: 1.9262134
logoutlocation:
  world: world
  x: -545.3000000119209
  y: 72.0
  z: 719.1623093366738
  yaw: -100.12741
  pitch: -41.211887
afk: false
