lastlocation:
  world: world_test
  x: -184.5
  y: 64.0
  z: 223.5
  yaw: 2.8883262
  pitch: 0.0
lastAccountName: robert_beckley
timestamps:
  login: 1565582472020
  lastteleport: 1564807316834
  kits:
    starter: 1556284827389
  logout: 1565582800767
ipAddress: 60.240.79.216
afk: false
nickname: §cRobert
logoutlocation:
  world: world
  x: -1301.1309872356571
  y: 68.0
  z: 712.7121451777961
  yaw: -226.64333
  pitch: 21.74938
godmode: false
