lastAccountName: mr_hacks101
timestamps:
  login: 1562399065634
  lastteleport: 1562399238070
  logout: 1562399425254
ipAddress: 139.218.114.206
lastlocation:
  world: world
  x: -628.8002200068219
  y: 85.0
  z: 697.1749098225415
  yaw: 23.887177
  pitch: 7.0500236
logoutlocation:
  world: world
  x: -627.7173059585258
  y: 47.0
  z: 739.3957923397726
  yaw: -98.601685
  pitch: 8.700216
