lastAccountName: darkyoshi405
timestamps:
  login: 1562473953529
  kits:
    starter: 1562473989722
  lastteleport: 1562474140605
  logout: 1562474157722
ipAddress: 114.77.197.41
lastlocation:
  world: world
  x: -454.9878508299128
  y: 72.0
  z: 713.6741012065488
  yaw: -104.85181
  pitch: 16.222427
logoutlocation:
  world: world
  x: -638.1090993378698
  y: 47.0
  z: 745.6809316966878
  yaw: -9.345703
  pitch: -12.885305
