lastAccountName: Minecraft_furby
timestamps:
  login: 1562488096816
  logout: 1562488116164
ipAddress: 182.239.180.165
lastlocation:
  world: world
  x: -549.5
  y: 69.0
  z: 726.5
  yaw: 2.2331314
  pitch: 0.0
logoutlocation:
  world: world
  x: -540.8089716089545
  y: 74.0
  z: 721.8917794763544
  yaw: 181.67499
  pitch: 21.188456
