lastAccountName: sirmemealot
timestamps:
  login: 1562496259291
  logout: 1562496313500
ipAddress: 210.49.71.113
lastlocation:
  world: world
  x: -545.5
  y: 67.0
  z: 721.5
  yaw: 1.1854649
  pitch: 0.0
logoutlocation:
  world: world
  x: -547.9231375386364
  y: 67.0
  z: 746.9487941349195
  yaw: -1.9533244
  pitch: 58.4993
