lastAccountName: CLARENCE6921
timestamps:
  login: 1562558565565
  logout: 1562558657873
ipAddress: 118.93.199.160
lastlocation:
  world: world
  x: -541.5
  y: 68.0
  z: 724.5
  yaw: 4.5371413
  pitch: 0.0
logoutlocation:
  world: world
  x: -542.0
  y: 74.0
  z: 720.0
  yaw: 0.15000002
  pitch: -0.45000005
