world: world
x: -486.62581292149173
y: 70.0
z: 763.81903127209
yaw: -1.388031
pitch: 0.7500168
name: Arena
