world: world
x: -486.5098573783407
y: 70.0
z: 783.1294576133203
yaw: -180.03798
pitch: 1.8000306
name: Center
