world: world
x: -606.5383095605088
y: 33.0
z: 739.0441207820883
yaw: -179.73853
pitch: -1.9499961
name: enchant
