world: world
x: -486.459921275629
y: 70.0
z: 764.8164666781108
yaw: -180.6381
pitch: 0.74999624
name: exit
