world: world
x: -486.6406372330258
y: 74.0
z: 773.34228437664
yaw: -0.6380615
pitch: 0.75000757
name: PvP1
