world: world
x: -476.4942349124452
y: 74.0
z: 783.7155181411828
yaw: -269.13806
pitch: 1.2000087
name: PvP2
