world: world
x: -486.4657004321439
y: 74.0
z: 793.5919898457305
yaw: -180.78824
pitch: 1.35002
name: PvP3
