world: world
x: -496.3074726303955
y: 74.0
z: 783.584411151483
yaw: -90.03816
pitch: 2.2500045
name: PvP4
