world: world
x: -625.053956977849
y: 48.0
z: 738.5012781369314
yaw: -270.63824
pitch: 3.1500137
name: Shop
