world: world
x: -541.6234026622305
y: 74.0
z: 720.3612320824049
yaw: -180.03809
pitch: 3.000004
name: Spawn
